Segment 1 Coefficients:
  Dimension 1: -0.0000, 120.0500, -48.5075, 4.9000, 1.9799, 0.5000
  Dimension 2: -0.0000, 0.0000, -0.0000, 0.0000, 0.0000, 2.5000
  Dimension 3: -0.0000, -120.0500, 48.5075, -4.9000, -1.9799, 5.5000
Segment 2 Coefficients:
  Dimension 1: -0.0000, 120.0500, -48.5075, 4.9000, 1.9799, 0.9000
  Dimension 2: -0.0000, 0.0000, -0.0000, 0.0000, 0.0000, 2.5000
  Dimension 3: -0.0000, -120.0500, 48.5075, -4.9000, -1.9799, 5.1000
Segment 3 Coefficients:
  Dimension 1: 1642.3759, -676.2941, 45.3425, 4.9000, 1.9799, 1.3000
  Dimension 2: 0.0000, 0.0000, 0.0000, 0.0000, 0.0000, 2.5000
  Dimension 3: 1015.0441, -612.2177, 106.5100, -4.9000, -1.9799, 4.7000
Segment 4 Coefficients:
  Dimension 1: 0.0000, 8.2979, -6.2476, 1.1760, 0.8854, 1.7000
  Dimension 2: 0.0000, 0.0000, 0.0000, 0.0000, 0.0000, 2.5000
  Dimension 3: -0.0000, -24.8936, 18.7429, -3.5280, -2.6563, 4.3000
Segment 5 Coefficients:
  Dimension 1: 0.0000, 8.2979, -6.2476, 1.1760, 0.8854, 2.0333
  Dimension 2: 0.0000, 0.0000, 0.0000, 0.0000, 0.0000, 2.5000
  Dimension 3: 0.0000, -24.8936, 18.7429, -3.5280, -2.6563, 3.3000
Segment 6 Coefficients:
  Dimension 1: -238.3014, 223.6051, -53.5297, 1.1760, 0.8854, 2.3667
  Dimension 2: 0.0000, 0.0000, 0.0000, 0.0000, 0.0000, 2.5000
  Dimension 3: -330.6256, 273.8292, -46.8574, -3.5280, -2.6563, 2.3000
Segment 7 Coefficients:
  Dimension 1: -0.0000, 202.5844, -77.1750, 7.3500, 2.8000, 2.7000
  Dimension 2: 0.0000, 0.0000, 0.0000, 0.0000, 0.0000, 2.5000
  Dimension 3: 0.0000, 0.0000, 0.0000, 0.0000, 0.0000, 1.3000
Segment 8 Coefficients:
  Dimension 1: 0.0000, 202.5844, -77.1750, 7.3500, 2.8000, 3.2333
  Dimension 2: 0.0000, 0.0000, 0.0000, 0.0000, 0.0000, 2.5000
  Dimension 3: 0.0000, 0.0000, 0.0000, 0.0000, 0.0000, 1.3000
Segment 9 Coefficients:
  Dimension 1: 1557.5592, -509.4427, 1.9391, 7.3500, 2.8000, 3.7667
  Dimension 2: 0.0000, 0.0000, 0.0000, 0.0000, 0.0000, 2.5000
  Dimension 3: -3760.2806, 1718.9854, -190.9984, 0.0000, 0.0000, 1.3000
Segment 10 Coefficients:
  Dimension 1: 0.0000, 207.4464, -69.8508, 5.8800, 1.9799, 4.3000
  Dimension 2: 0.0000, 0.0000, 0.0000, 0.0000, 0.0000, 2.5000
  Dimension 3: -0.0000, 207.4464, -69.8508, 5.8800, 1.9799, 1.3000
Segment 11 Coefficients:
  Dimension 1: -0.0000, 207.4464, -69.8508, 5.8800, 1.9799, 4.6333
  Dimension 2: 0.0000, 0.0000, 0.0000, 0.0000, 0.0000, 2.5000
  Dimension 3: 0.0000, 207.4464, -69.8508, 5.8800, 1.9799, 1.6333
Segment 12 Coefficients:
  Dimension 1: 4728.4767, -1703.1467, 117.7871, 5.8800, 1.9799, 4.9667
  Dimension 2: 0.0000, 0.0000, 0.0000, 0.0000, 0.0000, 2.5000
  Dimension 3: -2433.3587, 1190.6718, -166.4127, 5.8800, 1.9799, 1.9667
Segment 13 Coefficients:
  Dimension 1: 0.0000, 9.4707, -5.4865, 0.7946, 0.4603, 5.3000
  Dimension 2: 0.0000, 0.0000, 0.0000, 0.0000, 0.0000, 2.5000
  Dimension 3: -0.0000, 56.8243, -32.9189, 4.7676, 2.7619, 2.3000
Segment 14 Coefficients:
  Dimension 1: -0.0000, 9.4707, -5.4865, 0.7946, 0.4603, 5.4333
  Dimension 2: 0.0000, 0.0000, 0.0000, 0.0000, 0.0000, 2.5000
  Dimension 3: -0.0000, 56.8243, -32.9189, 4.7676, 2.7619, 3.1000
Segment 15 Coefficients:
  Dimension 1: -830.9420, 587.1191, -103.0892, 0.7946, 0.4603, 5.5667
  Dimension 2: 0.0000, 0.0000, 0.0000, 0.0000, 0.0000, 2.5000
  Dimension 3: 980.8942, -625.0668, 82.2972, 4.7676, 2.7619, 3.9000
Segment 16 Coefficients:
  Dimension 1: 0.0000, 202.5844, -77.1750, 7.3500, 2.8000, 5.7000
  Dimension 2: 0.0000, 0.0000, 0.0000, 0.0000, 0.0000, 2.5000
  Dimension 3: 0.0000, 0.0000, 0.0000, 0.0000, 0.0000, 4.7000
Segment 17 Coefficients:
  Dimension 1: -0.0000, 202.5844, -77.1750, 7.3500, 2.8000, 6.2333
  Dimension 2: 0.0000, 0.0000, 0.0000, 0.0000, 0.0000, 2.5000
  Dimension 3: 0.0000, 0.0000, 0.0000, 0.0000, 0.0000, 4.7000
Segment 18 Coefficients:
  Dimension 1: 1557.5592, -509.4427, 1.9391, 7.3500, 2.8000, 6.7667
  Dimension 2: 0.0000, 0.0000, 0.0000, 0.0000, 0.0000, 2.5000
  Dimension 3: 3760.2806, -1718.9854, 190.9984, 0.0000, 0.0000, 4.7000
Segment 19 Coefficients:
  Dimension 1: -0.0000, 405.1688, -109.1419, 7.3500, 1.9799, 7.3000
  Dimension 2: 0.0000, 0.0000, 0.0000, 0.0000, 0.0000, 2.5000
  Dimension 3: -0.0000, -405.1687, 109.1419, -7.3500, -1.9799, 4.7000
Segment 20 Coefficients:
  Dimension 1: -0.0000, 405.1688, -109.1419, 7.3500, 1.9799, 7.5667
  Dimension 2: 0.0000, 0.0000, 0.0000, 0.0000, 0.0000, 2.5000
  Dimension 3: -0.0000, -405.1687, 109.1419, -7.3500, -1.9799, 4.4333
Segment 21 Coefficients:
  Dimension 1: 10258.0551, -2910.7354, 151.3801, 7.3500, 1.9799, 7.8333
  Dimension 2: 0.0000, 0.0000, 0.0000, 0.0000, 0.0000, 2.5000
  Dimension 3: 5685.5028, -2243.0008, 253.5357, -7.3500, -1.9799, 4.1667
Segment 22 Coefficients:
  Dimension 1: 0.0000, 9.8210, -6.2395, 0.9910, 0.6296, 8.1000
  Dimension 2: 0.0000, 0.0000, 0.0000, 0.0000, 0.0000, 2.5000
  Dimension 3: 0.0000, -42.5578, 27.0377, -4.2944, -2.7283, 3.9000
Segment 23 Coefficients:
  Dimension 1: -0.0000, 9.8210, -6.2395, 0.9910, 0.6296, 8.3000
  Dimension 2: 0.0000, 0.0000, 0.0000, 0.0000, 0.0000, 2.5000
  Dimension 3: 0.0000, -42.5578, 27.0377, -4.2944, -2.7283, 3.0333
Segment 24 Coefficients:
  Dimension 1: -532.8876, 416.0843, -81.5204, 0.9910, 0.6296, 8.5000
  Dimension 2: 0.0000, 0.0000, 0.0000, 0.0000, 0.0000, 2.5000
  Dimension 3: -669.8669, 468.1359, -67.5943, -4.2944, -2.7283, 2.1667
Segment 25 Coefficients:
  Dimension 1: 0.0000, 202.5844, -77.1750, 7.3500, 2.8000, 8.7000
  Dimension 2: 0.0000, 0.0000, 0.0000, 0.0000, 0.0000, 2.5000
  Dimension 3: 0.0000, 0.0000, 0.0000, 0.0000, 0.0000, 1.3000
Segment 26 Coefficients:
  Dimension 1: -0.0000, 202.5844, -77.1750, 7.3500, 2.8000, 9.2333
  Dimension 2: 0.0000, 0.0000, 0.0000, 0.0000, 0.0000, 2.5000
  Dimension 3: 0.0000, 0.0000, 0.0000, 0.0000, 0.0000, 1.3000
Segment 27 Coefficients:
  Dimension 1: 1557.5592, -509.4427, 1.9391, 7.3500, 2.8000, 9.7667
  Dimension 2: 0.0000, 0.0000, 0.0000, 0.0000, 0.0000, 2.5000
  Dimension 3: -3760.2806, 1718.9854, -190.9984, 0.0000, 0.0000, 1.3000
Segment 28 Coefficients:
  Dimension 1: 0.0000, 207.4464, -69.8508, 5.8800, 1.9799, 10.3000
  Dimension 2: 0.0000, 0.0000, 0.0000, 0.0000, 0.0000, 2.5000
  Dimension 3: -0.0000, 207.4464, -69.8508, 5.8800, 1.9799, 1.3000
Segment 29 Coefficients:
  Dimension 1: 0.0000, 207.4464, -69.8508, 5.8800, 1.9799, 10.6333
  Dimension 2: 0.0000, 0.0000, 0.0000, 0.0000, 0.0000, 2.5000
  Dimension 3: 0.0000, 207.4464, -69.8508, 5.8800, 1.9799, 1.6333
Segment 30 Coefficients:
  Dimension 1: 4728.4767, -1703.1467, 117.7871, 5.8800, 1.9799, 10.9667
  Dimension 2: 0.0000, 0.0000, 0.0000, 0.0000, 0.0000, 2.5000
  Dimension 3: -2433.3587, 1190.6718, -166.4127, 5.8800, 1.9799, 1.9667
Segment 31 Coefficients:
  Dimension 1: 0.0000, 9.4707, -5.4865, 0.7946, 0.4603, 11.3000
  Dimension 2: 0.0000, 0.0000, 0.0000, 0.0000, 0.0000, 2.5000
  Dimension 3: -0.0000, 56.8243, -32.9189, 4.7676, 2.7619, 2.3000
Segment 32 Coefficients:
  Dimension 1: -0.0000, 9.4707, -5.4865, 0.7946, 0.4603, 11.4333
  Dimension 2: 0.0000, 0.0000, 0.0000, 0.0000, 0.0000, 2.5000
  Dimension 3: -0.0000, 56.8243, -32.9189, 4.7676, 2.7619, 3.1000
Segment 33 Coefficients:
  Dimension 1: -830.9420, 587.1191, -103.0892, 0.7946, 0.4603, 11.5667
  Dimension 2: 0.0000, 0.0000, 0.0000, 0.0000, 0.0000, 2.5000
  Dimension 3: 980.8942, -625.0668, 82.2972, 4.7676, 2.7619, 3.9000
Segment 34 Coefficients:
  Dimension 1: -0.0000, 202.5844, -77.1750, 7.3500, 2.8000, 11.7000
  Dimension 2: 0.0000, 0.0000, 0.0000, 0.0000, 0.0000, 2.5000
  Dimension 3: 0.0000, 0.0000, 0.0000, 0.0000, 0.0000, 4.7000
Segment 35 Coefficients:
  Dimension 1: -0.0000, 202.5844, -77.1750, 7.3500, 2.8000, 12.2333
  Dimension 2: 0.0000, 0.0000, 0.0000, 0.0000, 0.0000, 2.5000
  Dimension 3: 0.0000, 0.0000, 0.0000, 0.0000, 0.0000, 4.7000
Segment 36 Coefficients:
  Dimension 1: 1557.5592, -509.4427, 1.9391, 7.3500, 2.8000, 12.7667
  Dimension 2: 0.0000, 0.0000, 0.0000, 0.0000, 0.0000, 2.5000
  Dimension 3: 3760.2806, -1718.9854, 190.9984, 0.0000, 0.0000, 4.7000
Segment 37 Coefficients:
  Dimension 1: 0.0000, 207.4464, -69.8508, 5.8800, 1.9799, 13.3000
  Dimension 2: 0.0000, 0.0000, 0.0000, 0.0000, 0.0000, 2.5000
  Dimension 3: -0.0000, -207.4464, 69.8508, -5.8800, -1.9799, 4.7000
Segment 38 Coefficients:
  Dimension 1: 0.0000, 207.4464, -69.8508, 5.8800, 1.9799, 13.6333
  Dimension 2: 0.0000, 0.0000, 0.0000, 0.0000, 0.0000, 2.5000
  Dimension 3: 0.0000, -207.4464, 69.8508, -5.8800, -1.9799, 4.3667
Segment 39 Coefficients:
  Dimension 1: 4728.4767, -1703.1467, 117.7871, 5.8800, 1.9799, 13.9667
  Dimension 2: 0.0000, 0.0000, 0.0000, 0.0000, 0.0000, 2.5000
  Dimension 3: 2433.3587, -1190.6718, 166.4127, -5.8800, -1.9799, 4.0333
Segment 40 Coefficients:
  Dimension 1: 0.0000, 9.4707, -5.4865, 0.7946, 0.4603, 14.3000
  Dimension 2: 0.0000, 0.0000, 0.0000, 0.0000, 0.0000, 2.5000
  Dimension 3: -0.0000, -56.8243, 32.9189, -4.7676, -2.7619, 3.7000
Segment 41 Coefficients:
  Dimension 1: -0.0000, 9.4707, -5.4865, 0.7946, 0.4603, 14.4333
  Dimension 2: 0.0000, 0.0000, 0.0000, 0.0000, 0.0000, 2.5000
  Dimension 3: 0.0000, -56.8243, 32.9189, -4.7676, -2.7619, 2.9000
Segment 42 Coefficients:
  Dimension 1: -830.9420, 587.1191, -103.0892, 0.7946, 0.4603, 14.5667
  Dimension 2: 0.0000, 0.0000, 0.0000, 0.0000, 0.0000, 2.5000
  Dimension 3: -980.8942, 625.0668, -82.2972, -4.7676, -2.7619, 2.1000
Segment 43 Coefficients:
  Dimension 1: 0.0000, 202.5844, -77.1750, 7.3500, 2.8000, 14.7000
  Dimension 2: 0.0000, 0.0000, 0.0000, 0.0000, 0.0000, 2.5000
  Dimension 3: 0.0000, 0.0000, 0.0000, 0.0000, 0.0000, 1.3000
Segment 44 Coefficients:
  Dimension 1: 0.0000, 202.5844, -77.1750, 7.3500, 2.8000, 15.2333
  Dimension 2: 0.0000, 0.0000, 0.0000, 0.0000, 0.0000, 2.5000
  Dimension 3: 0.0000, 0.0000, 0.0000, 0.0000, 0.0000, 1.3000
Segment 45 Coefficients:
  Dimension 1: 1557.5592, -509.4427, 1.9391, 7.3500, 2.8000, 15.7667
  Dimension 2: 0.0000, 0.0000, 0.0000, 0.0000, 0.0000, 2.5000
  Dimension 3: -3760.2806, 1718.9854, -190.9984, 0.0000, 0.0000, 1.3000
Segment 46 Coefficients:
  Dimension 1: -0.0000, 207.4464, -69.8508, 5.8800, 1.9799, 16.3000
  Dimension 2: 0.0000, 0.0000, 0.0000, 0.0000, 0.0000, 2.5000
  Dimension 3: -0.0000, 207.4464, -69.8508, 5.8800, 1.9799, 1.3000
Segment 47 Coefficients:
  Dimension 1: 0.0000, 207.4464, -69.8508, 5.8800, 1.9799, 16.6333
  Dimension 2: 0.0000, 0.0000, 0.0000, 0.0000, 0.0000, 2.5000
  Dimension 3: 0.0000, 207.4464, -69.8508, 5.8800, 1.9799, 1.6333
Segment 48 Coefficients:
  Dimension 1: 6160.8438, -2281.9104, 174.6271, 5.8800, 1.9799, 16.9667
  Dimension 2: 0.0000, 0.0000, 0.0000, 0.0000, 0.0000, 2.5000
  Dimension 3: -2551.9050, 1238.5717, -171.1169, 5.8800, 1.9799, 1.9667
Segment 49 Coefficients:
  Dimension 1: 0.0000, 0.0000, 0.0000, 0.0000, 0.0000, 17.3000
  Dimension 2: 0.0000, 0.0000, 0.0000, 0.0000, 0.0000, 2.5000
  Dimension 3: 0.0000, 103.7232, -49.3920, 5.8800, 2.8000, 2.3000
Segment 50 Coefficients:
  Dimension 1: 0.0000, 0.0000, 0.0000, 0.0000, 0.0000, 17.3000
  Dimension 2: 0.0000, 0.0000, 0.0000, 0.0000, 0.0000, 2.5000
  Dimension 3: 0.0000, 103.7232, -49.3920, 5.8800, 2.8000, 2.9667
Segment 51 Coefficients:
  Dimension 1: -1779.5089, 1016.8623, -141.2309, 0.0000, 0.0000, 17.3000
  Dimension 2: 0.0000, 0.0000, 0.0000, 0.0000, 0.0000, 2.5000
  Dimension 3: 922.0632, -423.1701, 23.7876, 5.8800, 2.8000, 3.6333
Segment 52 Coefficients:
  Dimension 1: 0.0000, 75.2383, -37.2764, 4.6171, 2.2875, 17.3000
  Dimension 2: 0.0000, -0.0000, 0.0000, 0.0000, 0.0000, 2.5000
  Dimension 3: 0.0000, 53.1094, -26.3127, 3.2591, 1.6147, 4.3000
Segment 53 Coefficients:
  Dimension 1: 0.0000, 75.2383, -37.2764, 4.6171, 2.2875, 17.8667
  Dimension 2: -0.0000, 0.0000, -0.0000, -0.0000, -0.0000, 2.5000
  Dimension 3: 0.0000, 53.1094, -26.3127, 3.2591, 1.6147, 4.7000
Segment 54 Coefficients:
  Dimension 1: 1518.6034, -827.6214, 93.1909, 4.6171, 2.2875, 18.4333
  Dimension 2: 0.0000, 0.0000, 0.0000, 0.0000, 0.0000, 2.5000
  Dimension 3: 1071.9553, -584.2033, 65.7818, 3.2591, 1.6147, 5.1000